
    2 4 6 8 0 2 4 6 8 0 2 4 6 8 0 2 4 6 8 0 2 4 6 8 0 2 4 6 8 0 2 4 6 8 0 2 4 6 8 0
            1 1 1 1 1 2 2 2 2 2 3 3 3 3 3 4 4 4 4 4 5 5 5 5 5 6 6 6 6 6 7 7 7 7 7 8
___________________________________________________________________________________
1 |^                             ^Edit Library List^                               |
2 | ^ ^      ^ ^                                               ^System:^ ^S1051C6E |
3 |^Type new/changed information, press Enter.^                                    |
4 |                                                                                |
5 |^Sequence^                 ^Sequence^                 ^Sequence^                |
6 | ^Number^ ^Library^         ^Number^ ^Library^         ^Number^ ^Library^       |
7 |  [   0]  [          ]       [ 150]  [          ]       [ 300]  [          ]    |
8 |  [  10]  [QGPL      ]       [ 160]  [          ]       [ 310]  [          ]    |
9 |  [  20]  [QTEMP     ]       [ 170]  [          ]       [ 320]  [          ]    |
10|  [  30]  [          ]       [ 180]  [          ]       [ 330]  [          ]    |
11|  [  40]  [          ]       [ 190]  [          ]       [ 340]  [          ]    |
12|  [  50]  [          ]       [ 200]  [          ]       [ 350]  [          ]    |
13|  [  60]  [          ]       [ 210]  [          ]       [ 360]  [          ]    |
14|  [  70]  [          ]       [ 220]  [          ]       [ 370]  [          ]    |
15|  [  80]  [          ]       [ 230]  [          ]       [ 380]  [          ]    |
16|  [  90]  [          ]       [ 240]  [          ]       [ 390]  [          ]    |
17|  [ 100]  [          ]       [ 250]  [          ]       [ 400]  [          ]    |
18|  [ 110]  [          ]       [ 260]  [          ]       [ 410]  [          ]    |
19|  [ 120]  [          ]       [ 270]  [          ]       [ 420]  [          ]    |
20|  [ 130]  [          ]       [ 280]  [          ]       [ 430]  [          ]    |
21|  [ 140]  [          ]       [ 290]  [          ]       [ 440]  [          ]    |
22|                                                                ^ ^     More... |
23|^F3=Exit^ ^F5=Refresh^ ^F12=Cancel                                              |
24|                                                                                |
___________________________________________________________________________________
    2 4 6 8 0 2 4 6 8 0 2 4 6 8 0 2 4 6 8 0 2 4 6 8 0 2 4 6 8 0 2 4 6 8 0 2 4 6 8 0
            1 1 1 1 1 2 2 2 2 2 3 3 3 3 3 4 4 4 4 4 5 5 5 5 5 6 6 6 6 6 7 7 7 7 7 8
___________________________________________________________________________________
