
    2 4 6 8 0 2 4 6 8 0 2 4 6 8 0 2 4 6 8 0 2 4 6 8 0 2 4 6 8 0 2 4 6 8 0 2 4 6 8 0
            1 1 1 1 1 2 2 2 2 2 3 3 3 3 3 4 4 4 4 4 5 5 5 5 5 6 6 6 6 6 7 7 7 7 7 8
___________________________________________________________________________________
1 |^                           Select Definition Type                              |
2 |^^ ^      ^ ^                                                                   |
3 |^Type choices, press Enter.                                                     |
4 |                                                                                |
5 |^  Definition type . . . . . . .^ [ ]         ^1=Field                          |
6 |^                                              2=Record format                  |
7 |^                                              3=File                           |
8 |                                                                                |
9 |^  Data dictionary . . . . . . .^ [          ]^Name, F4 for list                |
10|                                                                                |
11|                                                                                |
12|                                                                                |
13|                                                                                |
14|                                                                                |
15|                                                                                |
16|                                                                                |
17|                                                                                |
18|                                                                                |
19|                                                                                |
20|                                                                                |
21|                                                                                |
22|^F3=Exit      F4=Prompt   F10=Work with database files                          |
23|^F12=Cancel   F22=Work with data dictionaries                                   |
24|^                                                                            ^  |
___________________________________________________________________________________
    2 4 6 8 0 2 4 6 8 0 2 4 6 8 0 2 4 6 8 0 2 4 6 8 0 2 4 6 8 0 2 4 6 8 0 2 4 6 8 0
            1 1 1 1 1 2 2 2 2 2 3 3 3 3 3 4 4 4 4 4 5 5 5 5 5 6 6 6 6 6 7 7 7 7 7 8
___________________________________________________________________________________
