
    2 4 6 8 0 2 4 6 8 0 2 4 6 8 0 2 4 6 8 0 2 4 6 8 0 2 4 6 8 0 2 4 6 8 0 2 4 6 8 0
            1 1 1 1 1 2 2 2 2 2 3 3 3 3 3 4 4 4 4 4 5 5 5 5 5 6 6 6 6 6 7 7 7 7 7 8
___________________________________________________________________________________
1 |^                          ^Work with Submitted Jobs^                 ^S1051C6E |
2 | ^ ^      ^ ^                                               ^12/04/12^^04:49:03 |
3 |^Submitted from . . . . . . . . :^ ^*USER     ^                                 |
4 |                                                                                |
5 |^Type options, press Enter.^                                                    |
6 |  ^2=Change^ ^3=Hold^ ^4=End^ ^5=Work with^ ^6=Release^ ^7=Display message^     |
7 |  ^8=Work with spooled files^                                                   |
8 |                                                                                |
9 |                                                                                |
10|^Opt^^Job^       ^User^      ^Type^   ^-----Status-----^^Function^              |
11|                                                                                |
12|  ^(No jobs to display)                                                         |
13|                                                                                |
14|                                                                                |
15|                                                                                |
16|                                                                                |
17|                                                                                |
18|                                                                                |
19|                                                              ^ ^ ^      Bottom |
20|^Parameters or command^                                                         |
21|^===>[                                                                         ]|
22|^F3=Exit^    ^F4=Prompt^ ^F5=Refresh^ ^F9=Retrieve^ ^F11=Display schedule data^ |
23|^F12=Cancel^ ^F17=Top^   ^F18=Bottom                                            |
24|                                                                                |
___________________________________________________________________________________
    2 4 6 8 0 2 4 6 8 0 2 4 6 8 0 2 4 6 8 0 2 4 6 8 0 2 4 6 8 0 2 4 6 8 0 2 4 6 8 0
            1 1 1 1 1 2 2 2 2 2 3 3 3 3 3 4 4 4 4 4 5 5 5 5 5 6 6 6 6 6 7 7 7 7 7 8
___________________________________________________________________________________
