
    2 4 6 8 0 2 4 6 8 0 2 4 6 8 0 2 4 6 8 0 2 4 6 8 0 2 4 6 8 0 2 4 6 8 0 2 4 6 8 0
            1 1 1 1 1 2 2 2 2 2 3 3 3 3 3 4 4 4 4 4 5 5 5 5 5 6 6 6 6 6 7 7 7 7 7 8
___________________________________________________________________________________
1 |^TESTUSER  ^            ^           Demo Environment   ^                        |
2 |                                                                                |
3 |^Select one of the following:^                                                  |
4 |                                                                                |
5 |^   ^ 1.^Inventory Management                              ^                    |
6 |    ^ 2.^Inventory Purchasing                              ^                    |
7 |    ^ 3.^Sales Order Processing                            ^                    |
8 |    ^ 4.^Menu Options                                      ^                    |
9 |    ^   ^                                                  ^                    |
10|    ^   ^                                                  ^                    |
11|    ^   ^                                                  ^                    |
12|    ^   ^                                                  ^                    |
13|    ^   ^                                                  ^                    |
14|    ^   ^                                                  ^                    |
15|    ^   ^                                                  ^                    |
16|    ^   ^                                                  ^                    |
17|    ^   ^                                                  ^                    |
18|    ^   ^                                                  ^                 ^  |
19|                                                                                |
20|^Selection:^                                                                    |
21|^===>^[1 ]                                         ^Company . . . . . .^[101]   |
22|                                                                                |
23|^F1=Help^^F3=Exit^^F4=Prompt^^F12=Prev^^F21=Command^                            |
24|                                                                                |
___________________________________________________________________________________
    2 4 6 8 0 2 4 6 8 0 2 4 6 8 0 2 4 6 8 0 2 4 6 8 0 2 4 6 8 0 2 4 6 8 0 2 4 6 8 0
            1 1 1 1 1 2 2 2 2 2 3 3 3 3 3 4 4 4 4 4 5 5 5 5 5 6 6 6 6 6 7 7 7 7 7 8
___________________________________________________________________________________
